8,6
8,16
8,10
8,12
8,7
8,11
20,2
20,1
20,3
19,2
19,1
19,3
941,139
941,138
941,137
941,136
941,135
941,134
941,133
941,132
941,131
941,130
941,129
941,128
941,127
941,126
941,125
941,124
941,123
941,122
941,121
941,120
941,119
941,118
941,117
941,116
941,115
941,114
941,113
941,112
941,111
941,110
941,109
941,108
941,107
941,106
941,105
941,104
941,103
941,102
941,101
941,100
941,99
941,98
941,97
941,96
941,95
941,94
941,93
941,92
941,91
941,90
941,89
941,88
941,87
941,86
941,85
941,84
941,83
941,82
941,81
941,80
941,79
941,78
941,77
941,76
941,75
941,74
941,73
941,72
941,71
941,70
941,69
941,68
941,67
941,66
941,65
941,64
941,39
941,38
18,1
941,37
18,3
941,36
941,35
941,34
14,1
14,6
941,33
14,3
13,1
941,32
13,3
941,31
941,30
941,29
941,28
941,27
941,26
941,25
941,24
941,23
941,22
941,21
941,20
941,19
941,18
941,17
941,16
941,15
941,14
941,13
941,12
2,2
2,1
2,3
941,11
941,10
941,9
941,8
941,7
941,6
941,5
941,4
941,2
941,1
941,0
